DOID:0001816	MESH:D006394	0.18421052631578946	0.18421052631578946	0.6052631578947368	0.02631578947368421
DOID:0001816	NCIT:C3088	0.125	0.1527777777777778	0.7222222222222222	0
DOID:0001816	NCIT:C9275	0.08771929824561403	0.47368421052631576	0.42105263157894735	0.017543859649122806
DOID:0001816	Orphanet:263413	0.125	0.125	0.75	0
DOID:0002116	MESH:D011625	0.14583333333333334	0.14583333333333334	0.6875	0.020833333333333332
DOID:0014667	MESH:D008659	0.21212121212121213	0.21212121212121213	0.5454545454545454	0.030303030303030304
DOID:0014667	Orphanet:68367	0.1509433962264151	0.2641509433962264	0.5471698113207547	0.03773584905660377
DOID:0050012	MESH:D065632	0.18421052631578946	0.18421052631578946	0.6052631578947368	0.02631578947368421
DOID:0050012	Orphanet:324625	0.125	0.125	0.75	0
DOID:0050013	Orphanet:79161	0.23684210526315788	0.18421052631578946	0.5789473684210527	0
DOID:0050052	MESH:D012373	0.14583333333333334	0.14583333333333334	0.6875	0.020833333333333332
DOID:0050052	Orphanet:83311	0.125	0.125	0.75	0
DOID:0050061	MESH:D004887	0.14583333333333334	0.14583333333333334	0.6875	0.020833333333333332
DOID:0050083	MESH:C536166	0.14583333333333334	0.14583333333333334	0.6875	0.020833333333333332
DOID:0050117	MESH:D003141	0.2222222222222222	0.2222222222222222	0.4444444444444444	0.1111111111111111
DOID:0050117	Orphanet:68416	0.02631578947368421	0.7631578947368421	0.15789473684210525	0.05263157894736842
DOID:0050118	MESH:D004670	0.18421052631578946	0.18421052631578946	0.6052631578947368	0.02631578947368421
DOID:0050118	Orphanet:83483	0.109375	0.109375	0.78125	0
DOID:0050120	MESH:D051359	0.18421052631578946	0.18421052631578946	0.6052631578947368	0.02631578947368421
DOID:0050120	Orphanet:158032	0.12962962962962962	0.12962962962962962	0.7407407407407407	0
DOID:0050120	Orphanet:540	0.04	0.84	0.08	0.04
DOID:0050125	MESH:D019595	0.3076923076923077	0.23076923076923078	0.38461538461538464	0.07692307692307693
DOID:0050125	OMIM:614371	0.13636363636363635	0.18181818181818182	0.5909090909090909	0.09090909090909091
DOID:0050127	MESH:D012852	0.14583333333333334	0.14583333333333334	0.6875	0.020833333333333332
DOID:0050133	MESH:D010854	0.2391304347826087	0.1956521739130435	0.5434782608695652	0.021739130434782608
DOID:0050136	Orphanet:163591	0.20689655172413793	0.41379310344827586	0.3103448275862069	0.06896551724137931
DOID:0050141	Orphanet:178481	0.125	0.125	0.75	0
DOID:0050144	MESH:D007619	0.14583333333333334	0.14583333333333334	0.6875	0.020833333333333332
DOID:0050144	OMIM:244400	0.16071428571428573	0.14285714285714285	0.6607142857142857	0.03571428571428571
DOID:0050147	MESH:D059249	0.14583333333333334	0.14583333333333334	0.6875	0.020833333333333332
DOID:0050150	Orphanet:99748	0.125	0.125	0.75	0
DOID:0050152	MESH:D011015	0.2391304347826087	0.1956521739130435	0.5434782608695652	0.021739130434782608
DOID:0050155	MESH:D012678	0.2222222222222222	0.2222222222222222	0.4444444444444444	0.1111111111111111
DOID:0050156	MESH:D054990	0.14583333333333334	0.14583333333333334	0.6875	0.020833333333333332
DOID:0050156	OMIM:178500	0.11764705882352941	0.1323529411764706	0.7352941176470589	0.014705882352941176
DOID:0050156	Orphanet:2032	0.125	0.125	0.75	0
DOID:0050157	MESH:D018549	0.14583333333333334	0.14583333333333334	0.6875	0.020833333333333332
DOID:0050157	Orphanet:1302	0.125	0.125	0.75	0
DOID:0050158	MESH:C562470	0.18421052631578946	0.18421052631578946	0.6052631578947368	0.02631578947368421
DOID:0050158	OMIM:263000	0.10416666666666667	0.125	0.7291666666666666	0.041666666666666664
DOID:0050158	Orphanet:98852	0.109375	0.109375	0.78125	0
DOID:0050159	MESH:C562489	0.14583333333333334	0.14583333333333334	0.6875	0.020833333333333332
DOID:0050159	Orphanet:79128	0.125	0.125	0.75	0
DOID:0050160	MESH:C571912	0.14583333333333334	0.14583333333333334	0.6875	0.020833333333333332
DOID:0050160	Orphanet:247257	0.16666666666666666	0.16666666666666666	0.6666666666666666	0
DOID:0050167	MESH:C538275	0.10526315789473684	0.10526315789473684	0.7368421052631579	0.05263157894736842
DOID:0050167	OMIM:240300	0.06818181818181818	0.09090909090909091	0.7954545454545454	0.045454545454545456
DOID:0050167	Orphanet:3453	0.027777777777777776	0.027777777777777776	0.9444444444444444	0
DOID:0050168	MESH:D016884	0.17391304347826086	0.13043478260869565	0.6521739130434783	0.043478260869565216
DOID:0050168	Orphanet:3143	0.027777777777777776	0.027777777777777776	0.9444444444444444	0
DOID:0050169	MESH:D008178	0.18421052631578946	0.18421052631578946	0.6052631578947368	0.02631578947368421
DOID:0050169	Orphanet:535	0.125	0.125	0.75	0
DOID:0050175	MESH:D004675	0.18421052631578946	0.18421052631578946	0.6052631578947368	0.02631578947368421
DOID:0050175	Orphanet:297	0.125	0.125	0.75	0
DOID:0050185	MESH:D004892	0.14583333333333334	0.14583333333333334	0.6875	0.020833333333333332
DOID:0050194	Orphanet:319223	0.125	0.125	0.75	0
DOID:0050195	MESH:D006478	0.2222222222222222	0.2222222222222222	0.4444444444444444	0.1111111111111111
DOID:0050195	Orphanet:319229	0.125	0.125	0.75	0
DOID:0050196	Orphanet:319234	0.125	0.125	0.75	0
DOID:0050197	Orphanet:319239	0.125	0.125	0.75	0
DOID:0050198	Orphanet:319244	0.125	0.125	0.75	0
DOID:0050202	Orphanet:319213	0.125	0.125	0.75	0
DOID:0050214	MESH:D015624	0.14583333333333334	0.14583333333333334	0.6875	0.020833333333333332
DOID:0050214	Orphanet:43393	0.109375	0.109375	0.78125	0
DOID:0050242	MESH:C535275	0.14583333333333334	0.14583333333333334	0.6875	0.020833333333333332
DOID:0050256	MESH:C536369	0.14583333333333334	0.14583333333333334	0.6875	0.020833333333333332
DOID:0050256	Orphanet:74	0.125	0.125	0.75	0
DOID:0050266	MESH:D058285	0.14583333333333334	0.14583333333333334	0.6875	0.020833333333333332
DOID:0050266	Orphanet:879	0.125	0.125	0.75	0
DOID:0050289	MESH:D060585	0.14583333333333334	0.14583333333333334	0.6875	0.020833333333333332
DOID:0050289	Orphanet:228119	0.125	0.125	0.75	0
DOID:0050290	MESH:D060586	0.14583333333333334	0.14583333333333334	0.6875	0.020833333333333332
DOID:0050304	MESH:D000839	0.14583333333333334	0.14583333333333334	0.6875	0.020833333333333332
DOID:0050328	MESH:D003409	0.14583333333333334	0.14583333333333334	0.6875	0.020833333333333332
DOID:0050328	OMIM:218700	0.07758620689655173	0.8275862068965517	0.06896551724137931	0.02586206896551724
DOID:0050328	OMIM:225250	0.046296296296296294	0.8703703703703703	0.05555555555555555	0.027777777777777776
DOID:0050328	OMIM:228355	0.05303030303030303	0.7272727272727273	0.19696969696969696	0.022727272727272728
DOID:0050328	OMIM:274400	0.046296296296296294	0.8703703703703703	0.05555555555555555	0.027777777777777776
DOID:0050328	OMIM:274500	0.046296296296296294	0.8703703703703703	0.05555555555555555	0.027777777777777776
DOID:0050328	OMIM:274700	0.046296296296296294	0.8703703703703703	0.05555555555555555	0.027777777777777776
DOID:0050328	OMIM:274900	0.046296296296296294	0.8703703703703703	0.05555555555555555	0.027777777777777776
DOID:0050328	OMIM:275100	0.046296296296296294	0.8703703703703703	0.05555555555555555	0.027777777777777776
DOID:0050328	OMIM:275200	0.046296296296296294	0.8703703703703703	0.05555555555555555	0.027777777777777776
DOID:0050328	OMIM:607200	0.046296296296296294	0.8703703703703703	0.05555555555555555	0.027777777777777776
DOID:0050328	OMIM:609893	0.046296296296296294	0.8703703703703703	0.05555555555555555	0.027777777777777776
DOID:0050328	OMIM:614450	0.046296296296296294	0.8703703703703703	0.05555555555555555	0.027777777777777776
DOID:0050328	Orphanet:442	0.109375	0.109375	0.78125	0
DOID:0050331	MESH:C538132	0.18421052631578946	0.18421052631578946	0.6052631578947368	0.02631578947368421
DOID:0050331	OMIM:149730	0.13636363636363635	0.1590909090909091	0.6818181818181818	0.022727272727272728
DOID:0050331	Orphanet:2363	0.16666666666666666	0.16666666666666666	0.6666666666666666	0
DOID:0050332	MESH:C566366	0.14583333333333334	0.14583333333333334	0.6875	0.020833333333333332
DOID:0050332	OMIM:600791	0.23333333333333334	0.2	0.5	0.06666666666666667
DOID:0050335	MESH:C564243	0.18421052631578946	0.18421052631578946	0.6052631578947368	0.02631578947368421
DOID:0050335	OMIM:608415	0.11764705882352941	0.1323529411764706	0.7352941176470589	0.014705882352941176
DOID:0050335	Orphanet:75374	0.125	0.125	0.75	0
DOID:0050336	MESH:D007015	0.25	0.3333333333333333	0.3333333333333333	0.08333333333333333
DOID:0050336	MESH:D017674	0.16071428571428573	0.19642857142857142	0.625	0.017857142857142856
DOID:0050352	Orphanet:228371	0.125	0.125	0.75	0
DOID:0050353	Orphanet:178475	0.125	0.125	0.75	0
DOID:0050354	Orphanet:178478	0.125	0.125	0.75	0
DOID:0050387	OMIM:144700	0.19230769230769232	0.17307692307692307	0.6153846153846154	0.019230769230769232
DOID:0050398	MESH:D001474	0.3076923076923077	0.23076923076923078	0.38461538461538464	0.07692307692307693
DOID:0050398	Orphanet:64692	0.16666666666666666	0.16666666666666666	0.6666666666666666	0
DOID:0050419	MESH:C572568	0.14583333333333334	0.14583333333333334	0.6875	0.020833333333333332
DOID:0050419	OMIM:610984	0.13636363636363635	0.1590909090909091	0.6818181818181818	0.022727272727272728
DOID:0050424	MESH:D011125	0.2222222222222222	0.2222222222222222	0.4444444444444444	0.1111111111111111
DOID:0050424	NCIT:C3339	0.109375	0.109375	0.78125	0
DOID:0050424	OMIM:175100	0.09803921568627451	0.5098039215686274	0.3333333333333333	0.058823529411764705
DOID:0050424	OMIM:608456	0.10204081632653061	0.5306122448979592	0.30612244897959184	0.061224489795918366
DOID:0050424	Orphanet:733	0.109375	0.109375	0.78125	0
DOID:0050425	MESH:D012148	0.14583333333333334	0.14583333333333334	0.6875	0.020833333333333332
DOID:0050425	OMIM:102300	0.05434782608695652	0.8478260869565217	0.06521739130434782	0.03260869565217391
DOID:0050425	OMIM:610438	0.05434782608695652	0.8478260869565217	0.06521739130434782	0.03260869565217391
DOID:0050425	OMIM:610439	0.05434782608695652	0.8478260869565217	0.06521739130434782	0.03260869565217391
DOID:0050425	OMIM:611185	0.05434782608695652	0.8478260869565217	0.06521739130434782	0.03260869565217391
DOID:0050425	OMIM:611242	0.05434782608695652	0.8478260869565217	0.06521739130434782	0.03260869565217391
DOID:0050425	OMIM:612853	0.05434782608695652	0.8478260869565217	0.06521739130434782	0.03260869565217391
DOID:0050425	OMIM:615197	0.05434782608695652	0.8478260869565217	0.06521739130434782	0.03260869565217391
DOID:0050426	MESH:D013262	0.14583333333333334	0.14583333333333334	0.6875	0.020833333333333332
DOID:0050426	Orphanet:36426	0.109375	0.109375	0.78125	0
DOID:0050426	Orphanet:95455	0.125	0.125	0.71875	0.03125
DOID:0050427	MESH:D014983	0.14583333333333334	0.14583333333333334	0.6875	0.020833333333333332
DOID:0050427	Orphanet:910	0.1527777777777778	0.125	0.7222222222222222	0
DOID:0050428	MESH:C563422	0.1956521739130435	0.2391304347826087	0.5434782608695652	0.021739130434782608
DOID:0050428	MESH:D015776	0.23076923076923078	0.3076923076923077	0.38461538461538464	0.07692307692307693
DOID:0050428	OMIM:144200	0.08333333333333333	0.6547619047619048	0.21428571428571427	0.047619047619047616
DOID:0050428	OMIM:600962	0.0898876404494382	0.6292134831460674	0.25842696629213485	0.02247191011235955
DOID:0050428	OMIM:613000	0.07462686567164178	0.7910447761194029	0.08955223880597014	0.04477611940298507
DOID:0050428	OMIM:615735	0.07462686567164178	0.7910447761194029	0.08955223880597014	0.04477611940298507
DOID:0050428	Orphanet:2337	0.16666666666666666	0.16666666666666666	0.6666666666666666	0
DOID:0050428	Orphanet:307141	0.125	0.125	0.71875	0.03125
DOID:0050429	MESH:D016506	0.18421052631578946	0.18421052631578946	0.6052631578947368	0.02631578947368421
DOID:0050429	OMIM:169600	0.11764705882352941	0.1323529411764706	0.7352941176470589	0.014705882352941176
DOID:0050429	Orphanet:2841	0.16666666666666666	0.16666666666666666	0.6666666666666666	0
DOID:0050430	MESH:D018813	0.028225806451612902	0.028225806451612902	0.9395161290322581	0.004032258064516129
DOID:0050430	NCIT:C3226	0.026515151515151516	0.026515151515151516	0.946969696969697	0
DOID:0050430	OMIM:171400	0.029850746268656716	0.033582089552238806	0.9328358208955224	0.0037313432835820895
DOID:0050430	Orphanet:247698	0.026515151515151516	0.026515151515151516	0.946969696969697	0
DOID:0050431	MESH:D019571	0.18421052631578946	0.18421052631578946	0.6052631578947368	0.02631578947368421
DOID:0050431	Orphanet:217656	0.04	0.84	0.08	0.04
DOID:0050431	Orphanet:247	0.109375	0.109375	0.78125	0
DOID:0050432	MESH:D020817	0.14583333333333334	0.14583333333333334	0.6875	0.020833333333333332
DOID:0050432	OMIM:300494	0.05813953488372093	0.8372093023255814	0.06976744186046512	0.03488372093023256
DOID:0050432	OMIM:300497	0.05813953488372093	0.8372093023255814	0.06976744186046512	0.03488372093023256
DOID:0050432	OMIM:608631	0.05813953488372093	0.8372093023255814	0.06976744186046512	0.03488372093023256
DOID:0050432	OMIM:608638	0.05813953488372093	0.8372093023255814	0.06976744186046512	0.03488372093023256
DOID:0050432	OMIM:608781	0.05813953488372093	0.8372093023255814	0.06976744186046512	0.03488372093023256
DOID:0050432	OMIM:609954	0.05813953488372093	0.8372093023255814	0.06976744186046512	0.03488372093023256
DOID:0050433	MESH:D034062	0.18421052631578946	0.18421052631578946	0.6052631578947368	0.02631578947368421
DOID:0050433	OMIM:600072	0.10256410256410256	0.11538461538461539	0.7692307692307693	0.01282051282051282
DOID:0050433	Orphanet:466	0.109375	0.109375	0.78125	0
DOID:0050434	MESH:D050030	0.1206896551724138	0.1206896551724138	0.7413793103448276	0.017241379310344827
DOID:0050434	OMIM:170390	0.09090909090909091	0.10227272727272728	0.7954545454545454	0.011363636363636364
DOID:0050434	Orphanet:367	0.1774193548387097	0.14516129032258066	0.6774193548387096	0
DOID:0050434	Orphanet:37553	0.027777777777777776	0.027777777777777776	0.9444444444444444	0
DOID:0050436	MESH:D050336	0.14583333333333334	0.14583333333333334	0.6875	0.020833333333333332
DOID:0050436	OMIM:253250	0.10256410256410256	0.11538461538461539	0.7692307692307693	0.01282051282051282
DOID:0050436	Orphanet:2576	0.109375	0.109375	0.78125	0
DOID:0050437	MESH:D052120	0.10526315789473684	0.10526315789473684	0.7368421052631579	0.05263157894736842
DOID:0050437	OMIM:300257	0.08163265306122448	0.09183673469387756	0.8163265306122449	0.01020408163265306
DOID:0050437	Orphanet:34587	0.16666666666666666	0.16666666666666666	0.6666666666666666	0
DOID:0050438	MESH:D052159	0.14583333333333334	0.14583333333333334	0.6875	0.020833333333333332
DOID:0050438	OMIM:136680	0.10256410256410256	0.11538461538461539	0.7692307692307693	0.01282051282051282
DOID:0050438	Orphanet:347	0.109375	0.109375	0.78125	0
DOID:0050439	MESH:D052245	0.21212121212121213	0.21212121212121213	0.5454545454545454	0.030303030303030304
DOID:0050439	OMIM:276902	0.21153846153846154	0.5576923076923077	0.17307692307692307	0.057692307692307696
DOID:0050439	OMIM:500004	0.15492957746478872	0.4225352112676056	0.39436619718309857	0.028169014084507043
DOID:0050439	OMIM:611383	0.21153846153846154	0.5576923076923077	0.17307692307692307	0.057692307692307696
DOID:0050439	OMIM:614869	0.19148936170212766	0.5957446808510638	0.1702127659574468	0.0425531914893617
DOID:0050439	Orphanet:231178	0.18421052631578946	0.631578947368421	0.13157894736842105	0.05263157894736842
DOID:0050439	Orphanet:231183	0.18421052631578946	0.631578947368421	0.13157894736842105	0.05263157894736842
DOID:0050439	Orphanet:886	0.109375	0.109375	0.78125	0
DOID:0050440	MESH:D052496	0.18421052631578946	0.18421052631578946	0.6052631578947368	0.02631578947368421
DOID:0050440	OMIM:151660	0.0673076923076923	0.6538461538461539	0.25	0.028846153846153848
DOID:0050440	OMIM:604367	0.0673076923076923	0.6538461538461539	0.25	0.028846153846153848
DOID:0050440	OMIM:608600	0.0673076923076923	0.6538461538461539	0.25	0.028846153846153848
DOID:0050440	OMIM:613877	0.0625	0.825	0.075	0.0375
DOID:0050440	OMIM:615238	0.0625	0.825	0.075	0.0375
DOID:0050440	Orphanet:2348	0.12962962962962962	0.12962962962962962	0.7407407407407407	0
DOID:0050440	Orphanet:98306	0.109375	0.109375	0.78125	0
DOID:0050441	MESH:D052517	0.1206896551724138	0.1206896551724138	0.7413793103448276	0.017241379310344827
DOID:0050441	OMIM:272200	0.10126582278481013	0.11392405063291139	0.759493670886076	0.02531645569620253
DOID:0050441	Orphanet:585	0.035897435897435895	0.035897435897435895	0.9230769230769231	0.005128205128205128
DOID:0050444	MESH:D052919	0.18421052631578946	0.18421052631578946	0.6052631578947368	0.02631578947368421
DOID:0050444	OMIM:266510	0.23684210526315788	0.2631578947368421	0.4473684210526316	0.05263157894736842
DOID:0050444	OMIM:601539	0.125	0.17857142857142858	0.6607142857142857	0.03571428571428571
DOID:0050444	Orphanet:772	0.109375	0.109375	0.78125	0
DOID:0050445	MESH:D053098	0.2222222222222222	0.2222222222222222	0.4444444444444444	0.1111111111111111
DOID:0050445	OMIM:300554	0.0958904109589041	0.3835616438356164	0.4794520547945205	0.0410958904109589
DOID:0050445	OMIM:307800	0.10526315789473684	0.3263157894736842	0.5473684210526316	0.021052631578947368
DOID:0050445	Orphanet:89936	0.16666666666666666	0.16666666666666666	0.6666666666666666	0
DOID:0050448	MESH:D053529	0.18421052631578946	0.18421052631578946	0.6052631578947368	0.02631578947368421
DOID:0050448	OMIM:193900	0.08333333333333333	0.5476190476190477	0.3333333333333333	0.03571428571428571
DOID:0050448	OMIM:615785	0.08620689655172414	0.7586206896551724	0.10344827586206896	0.05172413793103448
DOID:0050448	Orphanet:171723	0.16666666666666666	0.16666666666666666	0.6666666666666666	0
DOID:0050449	MESH:D053549	0.10294117647058823	0.10294117647058823	0.7794117647058824	0.014705882352941176
DOID:0050449	OMIM:167200	0.0673076923076923	0.4423076923076923	0.46153846153846156	0.028846153846153848
DOID:0050449	OMIM:167210	0.08333333333333333	0.5476190476190477	0.3333333333333333	0.03571428571428571
DOID:0050449	Orphanet:2309	0.109375	0.109375	0.78125	0
DOID:0050450	MESH:D053579	0.14583333333333334	0.14583333333333334	0.6875	0.020833333333333332
DOID:0050450	OMIM:263800	0.10256410256410256	0.11538461538461539	0.7692307692307693	0.01282051282051282
DOID:0050450	Orphanet:358	0.109375	0.109375	0.78125	0
DOID:0050451	MESH:D053840	0.14583333333333334	0.14583333333333334	0.6875	0.020833333333333332
DOID:0050451	OMIM:601144	0.14285714285714285	0.4126984126984127	0.4126984126984127	0.031746031746031744
DOID:0050451	Orphanet:130	0.109375	0.109375	0.78125	0
DOID:0050452	MESH:D054078	0.18421052631578946	0.18421052631578946	0.6052631578947368	0.02631578947368421
DOID:0050452	OMIM:260920	0.12962962962962962	0.18518518518518517	0.6481481481481481	0.037037037037037035
DOID:0050452	OMIM:610377	0.11627906976744186	0.1511627906976744	0.7209302325581395	0.011627906976744186
DOID:0050452	Orphanet:29	0.13333333333333333	0.15555555555555556	0.6888888888888889	0.022222222222222223
DOID:0050452	Orphanet:309025	0.17142857142857143	0.2	0.6	0.02857142857142857
DOID:0050453	MESH:D054082	0.14583333333333334	0.14583333333333334	0.6875	0.020833333333333332
DOID:0050453	OMIM:257320	0.05434782608695652	0.8478260869565217	0.06521739130434782	0.03260869565217391
DOID:0050453	OMIM:300067	0.05434782608695652	0.8478260869565217	0.06521739130434782	0.03260869565217391
DOID:0050453	OMIM:300215	0.05434782608695652	0.8478260869565217	0.06521739130434782	0.03260869565217391
DOID:0050453	OMIM:607432	0.05434782608695652	0.8478260869565217	0.06521739130434782	0.03260869565217391
DOID:0050453	OMIM:611603	0.05434782608695652	0.8478260869565217	0.06521739130434782	0.03260869565217391
DOID:0050453	OMIM:614019	0.05434782608695652	0.8478260869565217	0.06521739130434782	0.03260869565217391
DOID:0050453	OMIM:615191	0.05434782608695652	0.8478260869565217	0.06521739130434782	0.03260869565217391
DOID:0050453	Orphanet:102009	0.04	0.84	0.08	0.04
DOID:0050453	Orphanet:48471	0.109375	0.109375	0.78125	0
DOID:0050454	MESH:D054091	0.14583333333333334	0.14583333333333334	0.6875	0.020833333333333332
DOID:0050454	OMIM:300049	0.0673076923076923	0.6538461538461539	0.25	0.028846153846153848
DOID:0050454	OMIM:608097	0.0625	0.825	0.075	0.0375
DOID:0050454	OMIM:608098	0.0625	0.825	0.075	0.0375
DOID:0050454	OMIM:612881	0.0625	0.825	0.075	0.0375
DOID:0050454	OMIM:615544	0.0625	0.825	0.075	0.0375
DOID:0050454	Orphanet:98892	0.109375	0.109375	0.78125	0
DOID:0050456	MESH:D054312	0.18421052631578946	0.18421052631578946	0.6052631578947368	0.02631578947368421
DOID:0050457	MESH:D054331	0.14583333333333334	0.14583333333333334	0.6875	0.020833333333333332
DOID:0050457	OMIM:305700	0.09333333333333334	0.37333333333333335	0.49333333333333335	0.04
DOID:0050457	OMIM:400042	0.15789473684210525	0.49122807017543857	0.2982456140350877	0.05263157894736842
DOID:0050458	MESH:D054429	0.18421052631578946	0.18421052631578946	0.6052631578947368	0.02631578947368421
DOID:0050458	NCIT:C9233	0.109375	0.109375	0.78125	0
DOID:0050458	OMIM:607785	0.10256410256410256	0.11538461538461539	0.7692307692307693	0.01282051282051282
DOID:0050458	Orphanet:86834	0.109375	0.109375	0.78125	0
DOID:0050459	MESH:D054559	0.14583333333333334	0.14583333333333334	0.6875	0.020833333333333332
DOID:0050460	MESH:D054877	0.14583333333333334	0.14583333333333334	0.6875	0.020833333333333332
DOID:0050460	OMIM:194190	0.10256410256410256	0.11538461538461539	0.7692307692307693	0.01282051282051282
DOID:0050460	Orphanet:280	0.109375	0.109375	0.78125	0
DOID:0050461	MESH:D054880	0.14583333333333334	0.14583333333333334	0.6875	0.020833333333333332
DOID:0050461	OMIM:208400	0.10256410256410256	0.11538461538461539	0.7692307692307693	0.01282051282051282
DOID:0050461	Orphanet:93	0.109375	0.109375	0.78125	0
DOID:0050462	MESH:D054882	0.2222222222222222	0.2222222222222222	0.4444444444444444	0.1111111111111111
DOID:0050462	OMIM:201750	0.10204081632653061	0.5306122448979592	0.30612244897959184	0.061224489795918366
DOID:0050462	OMIM:207410	0.09333333333333334	0.37333333333333335	0.49333333333333335	0.04
DOID:0050462	OMIM:613571	0.0958904109589041	0.3835616438356164	0.4794520547945205	0.0410958904109589
DOID:0050462	Orphanet:83	0.125	0.125	0.75	0
DOID:0050463	MESH:D055036	0.14583333333333334	0.14583333333333334	0.6875	0.020833333333333332
DOID:0050463	OMIM:114290	0.11594202898550725	0.13043478260869565	0.7246376811594203	0.028985507246376812
DOID:0050463	Orphanet:140	0.109375	0.109375	0.78125	0
DOID:0050464	MESH:D055577	0.14583333333333334	0.14583333333333334	0.6875	0.020833333333333332
DOID:0050464	OMIM:228000	0.1111111111111111	0.12962962962962962	0.7407407407407407	0.018518518518518517
DOID:0050464	Orphanet:333	0.12962962962962962	0.12962962962962962	0.7407407407407407	0
DOID:0050465	MESH:D055653	0.14583333333333334	0.14583333333333334	0.6875	0.020833333333333332
DOID:0050465	OMIM:158320	0.10256410256410256	0.11538461538461539	0.7692307692307693	0.01282051282051282
DOID:0050465	Orphanet:587	0.109375	0.109375	0.78125	0
DOID:0050466	MESH:D055947	0.14583333333333334	0.14583333333333334	0.6875	0.020833333333333332
DOID:0050466	OMIM:609192	0.07142857142857142	0.6326530612244898	0.2653061224489796	0.030612244897959183
DOID:0050466	OMIM:610168	0.06756756756756757	0.8108108108108109	0.08108108108108109	0.04054054054054054
DOID:0050466	OMIM:613795	0.06756756756756757	0.8108108108108109	0.08108108108108109	0.04054054054054054
DOID:0050466	OMIM:614816	0.06756756756756757	0.8108108108108109	0.08108108108108109	0.04054054054054054
DOID:0050466	Orphanet:60030	0.125	0.125	0.75	0
DOID:0050467	MESH:D056266	0.14583333333333334	0.14583333333333334	0.6875	0.020833333333333332
DOID:0050467	OMIM:133200	0.1282051282051282	0.15384615384615385	0.6410256410256411	0.07692307692307693
DOID:0050467	Orphanet:317	0.109375	0.109375	0.78125	0
DOID:0050468	MESH:D056684	0.14583333333333334	0.14583333333333334	0.6875	0.020833333333333332
DOID:0050468	OMIM:153300	0.10256410256410256	0.11538461538461539	0.7692307692307693	0.01282051282051282
DOID:0050468	Orphanet:662	0.125	0.125	0.75	0
DOID:0050469	MESH:D056685	0.14583333333333334	0.14583333333333334	0.6875	0.020833333333333332
DOID:0050469	OMIM:218040	0.10256410256410256	0.11538461538461539	0.7692307692307693	0.01282051282051282
DOID:0050469	Orphanet:3071	0.109375	0.109375	0.78125	0
DOID:0050470	MESH:D056731	0.14583333333333334	0.14583333333333334	0.6875	0.020833333333333332
DOID:0050470	OMIM:246200	0.11627906976744186	0.1511627906976744	0.7209302325581395	0.011627906976744186
DOID:0050470	OMIM:262190	0.12962962962962962	0.18518518518518517	0.6481481481481481	0.037037037037037035
DOID:0050470	Orphanet:508	0.12962962962962962	0.12962962962962962	0.7407407407407407	0
DOID:0050470	Orphanet:769	0.125	0.125	0.71875	0.03125
DOID:0050471	MESH:D056733	0.10294117647058823	0.10294117647058823	0.7794117647058824	0.014705882352941176
DOID:0050471	OMIM:160980	0.061946902654867256	0.48672566371681414	0.4247787610619469	0.02654867256637168
DOID:0050471	OMIM:605244	0.08450704225352113	0.7746478873239436	0.09859154929577464	0.04225352112676056
DOID:0050471	OMIM:608837	0.0898876404494382	0.6292134831460674	0.25842696629213485	0.02247191011235955
DOID:0050471	Orphanet:1359	0.12727272727272726	0.12727272727272726	0.7272727272727273	0.01818181818181818
DOID:0050472	MESH:D056734	0.14583333333333334	0.14583333333333334	0.6875	0.020833333333333332
DOID:0050472	OMIM:158000	0.10256410256410256	0.11538461538461539	0.7692307692307693	0.01282051282051282
DOID:0050472	Orphanet:573	0.109375	0.109375	0.78125	0
DOID:0050473	MESH:D056769	0.14583333333333334	0.14583333333333334	0.6875	0.020833333333333332
DOID:0050473	OMIM:203800	0.10256410256410256	0.11538461538461539	0.7692307692307693	0.01282051282051282
DOID:0050473	Orphanet:64	0.125	0.125	0.71875	0.03125
DOID:0050474	MESH:D056770	0.14583333333333334	0.14583333333333334	0.6875	0.020833333333333332
DOID:0050474	OMIM:256500	0.10256410256410256	0.11538461538461539	0.7692307692307693	0.01282051282051282
DOID:0050474	Orphanet:634	0.125	0.125	0.75	0
DOID:0050475	MESH:D056846	0.14583333333333334	0.14583333333333334	0.6875	0.020833333333333332
DOID:0050475	OMIM:277600	0.07	0.62	0.28	0.03
DOID:0050475	OMIM:608328	0.07692307692307693	0.6813186813186813	0.1978021978021978	0.04395604395604396
DOID:0050475	OMIM:613195	0.06756756756756757	0.8108108108108109	0.08108108108108109	0.04054054054054054
DOID:0050475	OMIM:614819	0.06756756756756757	0.8108108108108109	0.08108108108108109	0.04054054054054054
DOID:0050475	Orphanet:3449	0.109375	0.109375	0.78125	0
DOID:0050476	MESH:D056889	0.10294117647058823	0.10294117647058823	0.7794117647058824	0.014705882352941176
DOID:0050476	OMIM:302060	0.08163265306122448	0.09183673469387756	0.8163265306122449	0.01020408163265306
DOID:0050476	Orphanet:111	0.109375	0.109375	0.78125	0
DOID:0050477	MESH:D056929	0.14583333333333334	0.14583333333333334	0.6875	0.020833333333333332
DOID:0050477	OMIM:177200	0.10256410256410256	0.11538461538461539	0.7692307692307693	0.01282051282051282
DOID:0050477	Orphanet:526	0.109375	0.109375	0.78125	0
DOID:0050480	MESH:D014438	0.3076923076923077	0.23076923076923078	0.38461538461538464	0.07692307692307693
DOID:0050480	Orphanet:83314	0.1875	0.14583333333333334	0.6666666666666666	0
DOID:0050481	MESH:D014437	0.3076923076923077	0.23076923076923078	0.38461538461538464	0.07692307692307693
DOID:0050481	Orphanet:83315	0.16666666666666666	0.16666666666666666	0.6666666666666666	0
DOID:0050485	MESH:C537582	0.14583333333333334	0.14583333333333334	0.6875	0.020833333333333332
DOID:0050486	MESH:D005076	0.18421052631578946	0.18421052631578946	0.6052631578947368	0.02631578947368421
DOID:0050489	OMIM:138800	0.07462686567164178	0.7910447761194029	0.08955223880597014	0.04477611940298507
DOID:0050489	OMIM:300273	0.07462686567164178	0.7910447761194029	0.08955223880597014	0.04477611940298507
DOID:0050489	OMIM:606082	0.07462686567164178	0.7910447761194029	0.08955223880597014	0.04477611940298507
DOID:0050489	Orphanet:276399	0.04	0.84	0.08	0.04
DOID:0050495	MESH:D005077	0.14583333333333334	0.14583333333333334	0.6875	0.020833333333333332
DOID:0050523	MESH:D015459	0.2391304347826087	0.1956521739130435	0.5434782608695652	0.021739130434782608
DOID:0050523	NCIT:C3184	0.2558139534883721	0.18604651162790697	0.5348837209302325	0.023255813953488372
DOID:0050523	Orphanet:86875	0.2558139534883721	0.18604651162790697	0.5348837209302325	0.023255813953488372
DOID:0050524	MESH:C562772	0.03723404255319149	0.03723404255319149	0.9202127659574468	0.005319148936170213
DOID:0050524	OMIM:125850	0.03418803418803419	0.8974358974358975	0.042735042735042736	0.02564102564102564
DOID:0050524	OMIM:125851	0.064	0.856	0.056	0.024
DOID:0050524	OMIM:137920	0.042735042735042736	0.8803418803418803	0.05128205128205128	0.02564102564102564
DOID:0050524	OMIM:600496	0.03418803418803419	0.8974358974358975	0.042735042735042736	0.02564102564102564
DOID:0050524	OMIM:606391	0.047337278106508875	0.6272189349112426	0.3136094674556213	0.011834319526627219
DOID:0050524	OMIM:606392	0.03418803418803419	0.8974358974358975	0.042735042735042736	0.02564102564102564
DOID:0050524	OMIM:606394	0.03418803418803419	0.8974358974358975	0.042735042735042736	0.02564102564102564
DOID:0050524	OMIM:609812	0.03418803418803419	0.8974358974358975	0.042735042735042736	0.02564102564102564
DOID:0050524	OMIM:610508	0.03418803418803419	0.8974358974358975	0.042735042735042736	0.02564102564102564
DOID:0050524	OMIM:612225	0.03418803418803419	0.8974358974358975	0.042735042735042736	0.02564102564102564
DOID:0050524	OMIM:613370	0.03418803418803419	0.8974358974358975	0.042735042735042736	0.02564102564102564
DOID:0050524	OMIM:613375	0.03418803418803419	0.8974358974358975	0.042735042735042736	0.02564102564102564
DOID:0050524	OMIM:616329	0.03418803418803419	0.8974358974358975	0.042735042735042736	0.02564102564102564
DOID:0050524	OMIM:616511	0.03418803418803419	0.8974358974358975	0.042735042735042736	0.02564102564102564
DOID:0050524	Orphanet:552	0.16666666666666666	0.16666666666666666	0.6666666666666666	0
DOID:0050526	MESH:D020386	0.2222222222222222	0.2222222222222222	0.4444444444444444	0.1111111111111111
DOID:0050526	OMIM:137200	0.13636363636363635	0.1590909090909091	0.6818181818181818	0.022727272727272728
DOID:0050527	MESH:D015228	0.25	0.25	0.375	0.125
DOID:0050527	OMIM:145750	0.19230769230769232	0.17307692307692307	0.6153846153846154	0.019230769230769232
DOID:0050528	OMIM:234050	0.125	0.16666666666666666	0.625	0.08333333333333333
DOID:0050529	MESH:C563948	0.03723404255319149	0.03723404255319149	0.9202127659574468	0.005319148936170213
DOID:0050529	OMIM:271150	0.030927835051546393	0.03608247422680412	0.9278350515463918	0.005154639175257732
DOID:0050529	Orphanet:83420	0.16666666666666666	0.16666666666666666	0.6666666666666666	0
DOID:0050530	MESH:C536879	0.13636363636363635	0.16666666666666666	0.6818181818181818	0.015151515151515152
DOID:0050530	MESH:D014897	0.3333333333333333	0.3055555555555556	0.3055555555555556	0.05555555555555555
DOID:0050530	OMIM:253550	0.1346153846153846	0.11538461538461539	0.7115384615384616	0.038461538461538464
DOID:0050530	Orphanet:83418	0.16666666666666666	0.16666666666666666	0.6666666666666666	0
DOID:0050534	MESH:C536122	0.1956521739130435	0.2391304347826087	0.5434782608695652	0.021739130434782608
DOID:0050534	MESH:C537743	0.3125	0.3125	0.3125	0.0625
DOID:0050534	OMIM:258100	0.21153846153846154	0.5576923076923077	0.17307692307692307	0.057692307692307696
DOID:0050534	OMIM:610427	0.1282051282051282	0.6666666666666666	0.15384615384615385	0.05128205128205128
DOID:0050534	Orphanet:215	0.125	0.125	0.75	0
DOID:0050534	Orphanet:75382	0.38095238095238093	0.23809523809523808	0.2857142857142857	0.09523809523809523
DOID:0050535	MESH:C580083	0.18421052631578946	0.18421052631578946	0.6052631578947368	0.02631578947368421
DOID:0050535	OMIM:133780	0.10227272727272728	0.7727272727272727	0.09090909090909091	0.03409090909090909
DOID:0050535	OMIM:305390	0.0625	0.825	0.075	0.0375
DOID:0050535	OMIM:601813	0.0625	0.825	0.075	0.0375
DOID:0050535	OMIM:605750	0.0625	0.825	0.075	0.0375
DOID:0050535	OMIM:613310	0.0625	0.825	0.075	0.0375
DOID:0050535	Orphanet:891	0.16666666666666666	0.16666666666666666	0.6666666666666666	0
DOID:0050536	OMIM:269000	0.16129032258064516	0.14516129032258066	0.6774193548387096	0.016129032258064516
DOID:0050538	Orphanet:65753	0.020833333333333332	0.020833333333333332	0.9583333333333334	0
DOID:0050539	MESH:C535717	0.18421052631578946	0.18421052631578946	0.6052631578947368	0.02631578947368421
DOID:0050539	OMIM:118230	0.08620689655172414	0.7586206896551724	0.10344827586206896	0.05172413793103448
DOID:0050539	OMIM:604484	0.1	0.5875	0.2875	0.025
DOID:0050539	Orphanet:64746	0.027777777777777776	0.027777777777777776	0.9444444444444444	0
DOID:0050539	Orphanet:90117	0.16666666666666666	0.16666666666666666	0.6666666666666666	0
DOID:0050540	MESH:D015417	0.17391304347826086	0.13043478260869565	0.6521739130434783	0.043478260869565216
DOID:0050540	OMIM:145900	0.06818181818181818	0.09090909090909091	0.7954545454545454	0.045454545454545456
DOID:0050540	Orphanet:64748	0.027777777777777776	0.027777777777777776	0.9444444444444444	0
DOID:0050541	MESH:D015417	0.2391304347826087	0.1956521739130435	0.5434782608695652	0.021739130434782608
DOID:0050541	Orphanet:64749	0.020833333333333332	0.020833333333333332	0.9583333333333334	0
DOID:0050542	MESH:C536450	0.2391304347826087	0.1956521739130435	0.5434782608695652	0.021739130434782608
DOID:0050542	Orphanet:64747	0.25	0.25	0.375	0.125
DOID:0050544	MESH:C564683	0.14583333333333334	0.14583333333333334	0.6875	0.020833333333333332
DOID:0050544	OMIM:613752	0.1	0.5875	0.2875	0.025
DOID:0050544	OMIM:614300	0.08620689655172414	0.7586206896551724	0.10344827586206896	0.05172413793103448
DOID:0050544	Orphanet:289290	0.04	0.84	0.08	0.04
DOID:0050545	MESH:D059446	0.2222222222222222	0.2222222222222222	0.4444444444444444	0.1111111111111111
DOID:0050545	OMIM:306955	0.0625	0.825	0.075	0.0375
DOID:0050545	OMIM:605376	0.0625	0.825	0.075	0.0375
DOID:0050545	OMIM:606325	0.0625	0.825	0.075	0.0375
DOID:0050545	OMIM:613751	0.0625	0.825	0.075	0.0375
DOID:0050545	OMIM:614779	0.0625	0.825	0.075	0.0375
DOID:0050545	Orphanet:157769	0.16666666666666666	0.16666666666666666	0.6666666666666666	0
DOID:0050545	Orphanet:450	0.16666666666666666	0.16666666666666666	0.6666666666666666	0
DOID:0050546	MESH:C566130	0.18421052631578946	0.18421052631578946	0.6052631578947368	0.02631578947368421
DOID:0050546	OMIM:613743	0.13636363636363635	0.1590909090909091	0.6818181818181818	0.022727272727272728
DOID:0050547	MESH:C536911	0.19642857142857142	0.16071428571428573	0.625	0.017857142857142856
DOID:0050547	NCIT:C3879	0.375	0.25	0.3125	0.0625
DOID:0050547	OMIM:155240	0.13636363636363635	0.1590909090909091	0.6818181818181818	0.022727272727272728
DOID:0050547	Orphanet:1332	0.375	0.25	0.3125	0.0625
DOID:0050547	Orphanet:99361	0.1875	0.14583333333333334	0.6666666666666666	0
DOID:0050548	MESH:D000699	0.1956521739130435	0.2391304347826087	0.5434782608695652	0.021739130434782608
DOID:0050548	MESH:D009477	0.18840579710144928	0.18840579710144928	0.6086956521739131	0.014492753623188406
DOID:0050548	OMIM:162400	0.04132231404958678	0.8842975206611571	0.049586776859504134	0.024793388429752067
DOID:0050548	OMIM:201300	0.06976744186046512	0.8449612403100775	0.06201550387596899	0.023255813953488372
DOID:0050548	OMIM:256800	0.03496503496503497	0.7482517482517482	0.1958041958041958	0.02097902097902098
DOID:0050548	OMIM:256860	0.04132231404958678	0.8842975206611571	0.049586776859504134	0.024793388429752067
DOID:0050548	OMIM:310470	0.04132231404958678	0.8842975206611571	0.049586776859504134	0.024793388429752067
DOID:0050548	OMIM:608088	0.04132231404958678	0.8842975206611571	0.049586776859504134	0.024793388429752067
DOID:0050548	OMIM:608654	0.04065040650406504	0.8699186991869918	0.06504065040650407	0.024390243902439025
DOID:0050548	OMIM:613115	0.04132231404958678	0.8842975206611571	0.049586776859504134	0.024793388429752067
DOID:0050548	OMIM:613640	0.04132231404958678	0.8842975206611571	0.049586776859504134	0.024793388429752067
DOID:0050548	OMIM:613708	0.04132231404958678	0.8842975206611571	0.049586776859504134	0.024793388429752067
DOID:0050548	OMIM:614116	0.04132231404958678	0.8842975206611571	0.049586776859504134	0.024793388429752067
DOID:0050548	OMIM:614213	0.04132231404958678	0.8842975206611571	0.049586776859504134	0.024793388429752067
DOID:0050548	OMIM:614653	0.04132231404958678	0.8842975206611571	0.049586776859504134	0.024793388429752067
DOID:0050548	OMIM:615548	0.04132231404958678	0.8842975206611571	0.049586776859504134	0.024793388429752067
DOID:0050548	OMIM:615632	0.04132231404958678	0.8842975206611571	0.049586776859504134	0.024793388429752067
DOID:0050548	OMIM:616488	0.04132231404958678	0.8842975206611571	0.049586776859504134	0.024793388429752067
DOID:0050548	Orphanet:140471	0.16666666666666666	0.16666666666666666	0.6666666666666666	0
DOID:0050549	MESH:C537602	0.3055555555555556	0.3333333333333333	0.3055555555555556	0.05555555555555555
DOID:0050549	MESH:D012779	0.18518518518518517	0.18518518518518517	0.5925925925925926	0.037037037037037035
DOID:0050549	Orphanet:93270	0.047872340425531915	0.03723404255319149	0.9148936170212766	0
DOID:0050553	Orphanet:324999	0.125	0.125	0.75	0
DOID:0050554	OMIM:301310	0.13636363636363635	0.1590909090909091	0.6818181818181818	0.022727272727272728
DOID:0050554	Orphanet:2802	0.16666666666666666	0.16666666666666666	0.6666666666666666	0
DOID:0050556	MESH:C535523	0.14583333333333334	0.14583333333333334	0.6875	0.020833333333333332
DOID:0050556	OMIM:271245	0.125	0.16666666666666666	0.625	0.08333333333333333
DOID:0050556	Orphanet:1186	0.125	0.125	0.75	0
DOID:0050557	OMIM:254100	0.1282051282051282	0.6666666666666666	0.15384615384615385	0.05128205128205128
DOID:0050557	OMIM:606612	0.19148936170212766	0.5957446808510638	0.1702127659574468	0.0425531914893617
DOID:0050557	OMIM:608840	0.19148936170212766	0.5957446808510638	0.1702127659574468	0.0425531914893617
DOID:0050557	Orphanet:97242	0.125	0.125	0.75	0
DOID:0050558	MESH:C537521	0.2222222222222222	0.2222222222222222	0.4444444444444444	0.1111111111111111
DOID:0050558	OMIM:254090	0.09090909090909091	0.6666666666666666	0.18181818181818182	0.06060606060606061
DOID:0050558	Orphanet:75840	0.16666666666666666	0.16666666666666666	0.6666666666666666	0
DOID:0050559	OMIM:253800	0.125	0.16666666666666666	0.625	0.08333333333333333
DOID:0050559	Orphanet:272	0.16666666666666666	0.16666666666666666	0.6666666666666666	0
DOID:0050560	MESH:D058494	0.14583333333333334	0.14583333333333334	0.6875	0.020833333333333332
DOID:0050560	OMIM:236670	0.09803921568627451	0.5098039215686274	0.3333333333333333	0.058823529411764705
DOID:0050560	OMIM:253280	0.10204081632653061	0.5306122448979592	0.30612244897959184	0.061224489795918366
DOID:0050560	Orphanet:899	0.125	0.125	0.75	0
DOID:0050561	MESH:D065768	0.18421052631578946	0.18421052631578946	0.6052631578947368	0.02631578947368421
DOID:0050561	OMIM:606369	0.13636363636363635	0.18181818181818182	0.5909090909090909	0.09090909090909091
DOID:0050561	Orphanet:2382	0.125	0.125	0.75	0
DOID:0050562	MESH:D013036	0.3076923076923077	0.23076923076923078	0.38461538461538464	0.07692307692307693
DOID:0050562	Orphanet:3451	0.1875	0.14583333333333334	0.6666666666666666	0
DOID:0050563	MESH:C580334	0.14583333333333334	0.14583333333333334	0.6875	0.020833333333333332
DOID:0050563	Orphanet:87884	0.25	0.25	0.375	0.125
DOID:0050564	Orphanet:90635	0.375	0.25	0.3125	0.0625
DOID:0050565	OMIM:607197	0.06	0.8	0.08	0.06
DOID:0050565	Orphanet:90635	0.375	0.25	0.3125	0.0625
DOID:0050566	OMIM:300030	0.05813953488372093	0.8372093023255814	0.06976744186046512	0.03488372093023256
DOID:0050566	OMIM:300066	0.05813953488372093	0.8372093023255814	0.06976744186046512	0.03488372093023256
DOID:0050566	OMIM:300614	0.05813953488372093	0.8372093023255814	0.06976744186046512	0.03488372093023256
DOID:0050566	OMIM:300914	0.05813953488372093	0.8372093023255814	0.06976744186046512	0.03488372093023256
DOID:0050566	OMIM:304400	0.09574468085106383	0.7872340425531915	0.0851063829787234	0.031914893617021274
DOID:0050566	OMIM:304500	0.05813953488372093	0.8372093023255814	0.06976744186046512	0.03488372093023256
DOID:0050566	Orphanet:90625	0.25	0.25	0.375	0.125
DOID:0050567	OMIM:119530	0.04504504504504504	0.8738738738738738	0.05405405405405406	0.02702702702702703
DOID:0050567	OMIM:600625	0.04504504504504504	0.8738738738738738	0.05405405405405406	0.02702702702702703
